5 11 pp 4 2
5 11 ap 5 1
6 17 pp 5 1
6 17 pp 5 8
7 28 pp 7 4
7 28 ap 7 17
7 28 pp 7 5
7 28 pp 7 1
8 35 pp 7 1
8 35 pp 8 4
9 45 pp 9 24
9 45 pp 8 14
10 55 pp 9 6
11 72 pp 11 20
12 85 pp 11 17
13 111 ap 13 23
14 127 pp 13 19
15 155 pp 17 80
16 179 pp 17 5
16 179 pp 17 22
17 199 ap 17 23
18 216 pp 17 24
19 246 pp 19 44
20 283 pp 19 14
21 333 pp 23 27
22 356 ap 23 145
23 372 pp 23 128
24 425 pp 23 109
25 480 pp 25 166
26 492 pp 25 118
27 553 pp 27 93
28 585 pp 27 93
29 623 pp 29 188
30 680 pp 29 71
31 747 pp 31 143
32 784 pp 31 116
33 859 pp 32 207
34 938 pp 37 356
35 987 ap 37 211
36 1005 ap 37 211
37 1099 pp 37 107
38 1146 pp 37 356
39 1252 pp 41 158
40 1282 ap 41 271
41 1305 pp 41 232
42 1397 pp 41 63
43 1507 ap 43 239
44 1596 pp 43 31
45 1687 pp 47 316
46 1703 pp 47 550
47 1804 ap 47 311
48 1887 pp 49 157
49 1958 pp 49 161
50 2094 pp 49 28
51 2190 pp 53 386
52 2270 pp 53 386
53 2347 pp 53 298
54 2373 pp 53 298
55 2598 pp 59 280
56 2725 pp 59 225
57 2773 pp 59 44
58 2851 pp 59 454
59 2911 pp 59 137
60 3019 pp 59 231
61 3134 ap 61 1553
62 3215 pp 61 764
63 3391 pp 64 994
64 3527 pp 64 1196
65 3593 pp 64 1196
66 3757 pp 67 656
67 3819 pp 67 656
68 3956 pp 67 380
69 4145 pp 71 181
70 4217 pp 71 1180
71 4330 pp 71 118
72 4473 pp 73 14
73 4513 pp 73 14
74 4753 pp 73 14
75 4982 pp 79 538
76 5089 pp 79 218
77 5204 pp 79 218
78 5299 pp 79 233
79 5408 pp 79 233
80 5563 pp 79 775
81 5717 pp 83 613
82 5814 pp 83 1381
83 6020 pp 83 1052
84 6159 pp 83 184
85 6410 ap 89 2989
86 6537 ap 89 2989
87 6708 pp 89 1373
88 6745 pp 89 1373
89 6778 pp 89 1373
90 6967 pp 89 1373
91 7542 ap 97 2759
92 7617 pp 97 524
93 7726 pp 97 2012
94 7884 pp 97 524
95 7967 pp 97 2195
96 8121 ap 97 2771
97 8357 pp 97 1330
98 8462 pp 101 590
99 8540 pp 101 590
100 8831 pp 101 590
101 8897 pp 101 1889
102 9218 pp 101 1758
103 9408 pp 103 400
104 9581 pp 103 400
105 9884 ap 107 433
106 10135 pp 107 255
107 10241 pp 109 719
108 10415 pp 109 2371
109 10583 pp 109 2371
110 10767 pp 109 1670
111 11108 pp 113 1190
112 11292 pp 113 1760
113 11423 pp 113 349
114 11764 pp 113 1190
115 12212 pp 121 3467
116 12412 pp 121 1381
117 12517 pp 121 832
118 12741 pp 125 1285
119 12911 pp 121 832
120 13089 pp 121 1319
121 13280 pp 121 920
122 13521 pp 125 4459
123 13761 ap 127 5525
124 13948 ap 125 4429
125 14055 pp 125 3053
126 14348 pp 127 793
127 14460 pp 128 4185
128 14821 pp 128 2116
129 15075 pp 128 4693
130 15275 pp 131 106
131 15548 pp 131 246
132 15893 pp 131 1149
133 16192 pp 137 1900
134 16296 pp 137 570
135 16622 pp 139 152
136 16766 pp 137 1900
137 17031 pp 139 1702
138 17124 pp 139 152
139 17579 ap 139 6743
140 17938 pp 139 1624
141 18601 pp 149 2176
142 18751 pp 149 1233
143 18941 ap 149 8417
144 19123 pp 151 1867
145 19325 pp 149 613
146 19628 pp 149 3548
147 19757 pp 149 2322
148 20037 pp 149 617
149 20265 pp 151 3419
150 20521 pp 149 613
151 20841 pp 151 4022
152 20892 pp 151 4022
153 21681 ap 157 6509
154 21833 pp 157 5122
155 22035 pp 157 5122
156 22348 pp 157 5122
157 22683 pp 157 5302
158 22954 pp 157 5302
159 23433 ap 163 7919
160 23619 ap 163 7919
161 23788 ap 163 7919
162 24112 pp 163 7267
163 24341 pp 163 230
164 24516 pp 163 230
165 25136 pp 167 3749
166 25283 pp 167 2980
167 25609 ap 167 4307
168 26052 pp 167 6130
169 26416 pp 169 2990
170 26685 ap 173 7045
171 26946 pp 173 152
172 27281 pp 173 4760
173 27443 pp 173 2997
174 27808 pp 173 624
175 28293 pp 179 2013
176 28694 pp 179 2013
177 28917 pp 179 2554
178 29074 pp 179 2554
179 29201 pp 179 2554
180 29825 pp 179 2554
181 30407 pp 181 8450
182 30889 pp 181 88
183 31636 ap 191 631
184 31796 pp 193 2398
185 32050 pp 191 9117
186 32363 pp 191 7556
187 32491 pp 193 4189
188 32793 pp 191 1892
189 33025 pp 191 1892
190 33149 pp 191 1892
191 33794 pp 193 1301
192 33895 pp 193 1301
193 34490 pp 193 1301
194 34591 pp 193 1301
195 35200 pp 197 4886
196 35482 pp 197 8959
197 35708 pp 197 8811
198 36543 pp 197 2423
199 36816 pp 199 1160
200 37356 pp 199 1139
201 38529 pp 211 5000
202 38611 pp 211 976
203 38986 pp 211 976
204 39212 pp 211 4750
205 39331 pp 211 6062
206 39519 pp 211 6062
207 40082 pp 211 6062
208 40485 ap 211 8969
209 40715 pp 211 4778
210 40959 pp 211 4778
211 41093 pp 211 4778
212 41911 pp 211 1811
213 43399 pp 223 1322
214 43591 ap 223 11693
215 43740 pp 223 1322
216 43981 pp 223 8816
217 44006 pp 223 8816
218 44727 ap 223 1465
219 45172 pp 223 7301
220 45500 pp 223 6118
221 45670 pp 223 6118
222 46029 pp 223 1531
223 46182 pp 223 1531
224 46646 pp 223 12632
225 47166 pp 227 3238
226 47534 ap 227 4117
227 47961 ap 229 10243
228 48249 ap 229 10243
229 48913 ap 229 10243
230 49543 ap 233 4751
231 50055 pp 233 12021
232 50539 pp 233 254
233 50976 pp 233 254
234 51416 pp 233 1845
235 51738 pp 239 11601
236 52384 pp 239 2341
237 52518 ap 241 251
238 52987 pp 239 7519
239 53352 pp 241 3449
240 53621 pp 241 3449
241 53900 pp 241 3449
242 54621 pp 241 3449
243 55664 pp 243 17169
244 56250 pp 243 8670
245 56656 pp 251 771
246 57075 pp 251 771
247 57288 pp 251 771
248 57883 pp 251 1464
249 58457 pp 251 9221
250 58716 pp 251 2124
251 59049 pp 251 2604
252 59817 ap 256 22667
253 60245 pp 256 14750
254 60669 ap 256 27019
255 60987 ap 256 27019
256 61591 ap 256 30332
257 62271 pp 263 13826
258 62625 pp 263 13826
259 63462 pp 263 3656
260 63644 pp 263 1613
261 64160 pp 263 1613
262 64632 pp 269 1448
263 64994 pp 269 1448
264 65684 pp 263 5983
265 66107 pp 269 3908
266 66475 pp 269 3908
267 67039 ap 269 22681
268 67689 pp 269 3582
269 68328 pp 269 13615
270 69008 pp 269 5885
271 69732 pp 277 1084
272 70004 pp 271 128
273 70480 ap 277 12269
274 70712 pp 277 17593
275 71421 pp 277 17593
276 72013 pp 281 855
277 72056 pp 281 855
278 73188 pp 281 6812
279 73523 pp 281 855
280 73621 pp 281 855
281 74216 pp 281 855
282 74843 pp 281 855
283 75899 pp 283 11120
284 76457 pp 283 3038
285 77493 ap 289 119
286 77747 pp 289 21881
287 77930 pp 289 21881
288 78737 pp 289 14558
289 79283 pp 293 9329
290 79549 pp 293 13704
291 80061 pp 293 936
292 80494 pp 293 6852
293 80636 pp 293 6852
294 81495 pp 293 5413
295 83652 ap 307 25601
296 83922 pp 307 12806
297 84039 pp 307 12806
298 84916 pp 307 12806
299 85504 ap 307 21953
300 85679 pp 307 16105
301 86030 pp 307 16105
302 86762 pp 307 16105
303 87179 pp 307 16105
304 87429 ap 307 13663
305 88187 pp 307 1580
306 88774 pp 311 40
307 89226 pp 307 1580
308 89436 pp 307 1580
309 90592 pp 313 7451
310 90679 pp 313 7451
311 91535 pp 311 10115
312 92108 pp 311 2437
313 92741 pp 313 7451
314 93330 ap 317 9641
315 94021 ap 317 9641
316 94659 pp 317 17054
317 95470 pp 317 4533
318 96119 pp 317 14122
319 98354 ap 331 42211
320 98612 ap 331 3653
321 98935 ap 331 3653
322 99494 ap 331 3653
323 99720 ap 331 3653
324 100171 ap 331 3653
325 101013 ap 331 1817
326 101259 pp 331 6914
327 101842 pp 331 6914
328 102625 pp 331 18374
329 103171 pp 331 5156
330 104099 ap 331 1817
331 104864 ap 337 27871
332 105246 pp 337 29872
333 105565 ap 337 27871
334 105964 ap 337 27871
335 106761 pp 337 9697
336 106877 pp 337 9697
337 108155 pp 337 1166
338 108640 pp 337 4792
339 109570 pp 343 22886
340 110665 pp 353 12807
341 111250 pp 347 7389
342 111714 pp 343 8036
343 112218 pp 347 28321
344 112613 pp 349 7723
345 112959 pp 349 19748
346 113268 pp 347 28321
347 113999 pp 349 7723
348 115427 pp 349 11272
349 115742 pp 349 7723
350 116679 pp 353 6967
351 117481 pp 353 23848
352 118040 pp 353 6530
353 118422 pp 353 6967
354 119359 pp 353 6967
355 120186 pp 359 25306
356 120449 pp 359 25306
357 121920 ap 359 17879
358 122225 pp 359 25306
359 122779 pp 361 3677
360 122872 pp 361 3677
361 122992 pp 361 3677
362 123952 pp 361 3677
363 125711 pp 367 22990
364 126832 ap 367 61459
365 127000 pp 367 22990
366 127863 ap 373 12343
367 128273 pp 373 26704
368 128785 pp 373 26704
369 129649 ap 373 12343
370 130419 pp 373 26704
371 130885 ap 373 12343
372 132562 ap 373 12343
373 133331 pp 373 194
374 133680 pp 383 23927
375 134859 pp 379 32422
376 135492 pp 379 11581
377 136251 pp 383 19419
378 136924 pp 383 19419
379 137579 pp 379 1994
380 138127 pp 379 16022
381 138842 pp 383 21277
382 139588 pp 383 8216
383 140356 pp 389 751
384 140780 pp 389 23971
385 141380 pp 389 751
386 141998 pp 389 5241
387 142382 pp 389 5241
388 143289 pp 389 27421
389 144228 pp 389 11415
390 145174 pp 389 23071
391 146627 pp 397 14243
392 147117 pp 397 14243
393 147699 pp 397 14243
394 148075 pp 397 41561
395 149234 pp 397 13624
396 149790 pp 397 13624
397 150342 pp 397 1061
398 151329 pp 397 13624
399 152387 pp 401 808
400 153195 pp 401 808
401 154461 pp 401 808
402 155000 pp 401 19962
403 156258 pp 409 746
404 156658 pp 409 746
405 157129 pp 409 15796
406 157789 pp 409 15437
407 158689 pp 409 2995
408 159041 pp 409 2995
409 159807 pp 409 38641
410 161148 pp 409 12014
411 161809 pp 419 37196
412 163680 pp 419 8542
413 164075 pp 419 29218
414 164921 pp 419 29218
415 165530 pp 419 56430
416 166120 pp 421 37273
417 166482 pp 419 20054
418 167586 pp 419 20054
419 168180 ap 421 5581
420 169087 pp 421 44434
421 169834 pp 421 21224
422 170766 pp 421 21224
423 172491 pp 431 21293
424 173255 pp 431 26858
425 173760 ap 431 31343
426 174116 pp 431 26858
427 174614 ap 431 31343
428 176021 ap 433 33521
429 176434 ap 433 33521
430 177043 ap 433 33521
431 177845 pp 431 45974
432 179335 pp 433 9148
433 179459 pp 433 9148
434 180927 pp 439 5579
435 181768 pp 439 3494
436 182366 pp 439 7267
437 182941 ap 439 419
438 183158 ap 439 419
439 184387 pp 439 7267
440 185376 pp 439 7267
441 186653 pp 443 19435
442 187316 pp 443 19435
443 187988 pp 449 34745
444 188268 pp 449 34745
445 189878 pp 449 34745
446 190297 pp 449 34745
447 191735 ap 449 16333
448 192623 pp 449 7975
449 193929 pp 457 12296
450 194151 pp 457 12296
451 194528 pp 457 12296
452 195316 pp 457 12296
453 196484 pp 457 12296
454 198210 pp 461 11829
455 198870 pp 457 23203
456 199238 pp 457 23203
457 200270 pp 457 23203
458 200639 pp 457 23203
459 202235 pp 461 1612
460 203358 pp 461 32470
461 203636 pp 463 4105
462 204292 pp 463 4105
463 206127 pp 463 4105
464 207340 pp 467 22797
465 207421 pp 467 22797
466 208315 pp 467 22797
467 209297 pp 467 22797
468 210635 pp 467 22797
469 212205 pp 479 21219
470 213396 pp 479 38201
471 213861 pp 479 55831
472 214958 pp 479 14801
473 215432 ap 479 51011
474 216282 pp 479 10645
475 216717 pp 479 10645
476 218062 pp 479 10645
477 218727 pp 479 7311
478 219562 pp 479 7311
479 220639 pp 479 2022
480 222296 pp 479 6061
481 223243 ap 487 37373
482 223985 pp 491 10621
483 224427 pp 491 10621
484 225530 pp 491 10621
485 226361 ap 487 31289
486 227125 pp 491 25856
487 228191 pp 491 25856
488 229427 pp 491 51341
489 230708 pp 491 22502
490 231582 pp 491 8416
491 232471 pp 491 35729
492 234061 pp 491 31695
493 235426 ap 499 71609
494 235840 ap 499 71609
495 236822 ap 499 26551
496 237802 pp 499 43175
497 238458 pp 503 32595
498 238731 pp 503 32595
499 239059 pp 503 32595
500 240665 pp 503 47123
501 241598 pp 503 33547
502 242463 pp 503 33547
503 243531 pp 503 47123
504 245017 pp 503 2341
505 246225 pp 512 68931
506 246427 pp 512 74568
507 247293 pp 512 51551
508 248499 ap 512 69392
509 249633 pp 512 63770
510 249941 pp 512 63770
511 251681 pp 512 63770
512 252473 pp 512 63770
513 252689 pp 512 63770
514 255625 pp 523 42655
515 255991 pp 523 42655
516 257661 pp 523 42655
517 258240 pp 523 42655
518 259266 pp 523 35714
519 260013 pp 523 13843
520 260606 pp 523 13843
521 261481 pp 523 2911
522 261578 pp 523 2911
523 263272 pp 523 2911
524 263693 pp 523 2911
525 266917 pp 529 12263
526 268210 pp 529 21982
527 269095 pp 529 12263
528 269875 pp 529 72292
529 270787 pp 529 31004
530 270942 pp 541 11069
531 273594 ap 541 60353
532 274022 ap 541 60353
533 275547 pp 541 10208
534 275606 pp 541 10208
535 276249 pp 541 10208
536 276592 pp 541 10208
537 276876 pp 541 10208
538 277264 pp 541 10208
539 279149 pp 541 10208
540 280538 pp 547 48550
541 282464 pp 547 48550
542 283037 pp 547 48550
543 284288 pp 547 80167
544 286188 pp 547 18982
545 286562 pp 547 18982
546 287172 pp 547 50083
547 289367 pp 547 48550
548 291095 pp 547 34369
549 291875 ap 557 127283
550 292724 ap 557 20147
551 293009 ap 557 20147
552 293896 ap 557 15755
553 295016 ap 557 15755
554 296335 pp 557 50346
555 296627 ap 563 31339
556 298446 ap 557 70931
557 299995 pp 557 33871
558 300432 pp 563 16612
559 301733 pp 563 16612
560 302262 pp 563 16612
561 302935 pp 563 16612
562 304972 pp 563 59986
563 305524 pp 563 59986
564 307011 pp 569 73202
565 308302 ap 571 67649
566 309555 ap 571 67649
567 311002 pp 569 57215
568 311801 pp 569 57215
569 312110 pp 569 57215
570 314623 pp 577 60991
571 315291 pp 577 32446
572 316510 pp 577 35675
573 318313 ap 577 27311
574 319126 ap 577 131815
575 320232 ap 577 131815
576 320738 pp 577 32446
577 322498 pp 577 32446
578 324423 pp 577 31642
579 326138 pp 587 45110
580 326532 pp 587 69112
581 326689 pp 587 69112
582 327325 pp 587 69112
583 328907 pp 593 39407
584 330057 pp 593 39407
585 330681 pp 593 39407
586 331046 pp 593 39407
587 332196 pp 593 39407
588 335197 pp 587 11277
589 335676 ap 593 158599
590 336375 ap 593 158599
591 337702 pp 593 40715
592 338905 pp 593 40715
593 340956 pp 599 53496
594 341268 pp 593 40715
595 342337 pp 599 53496
596 343503 pp 599 9850
597 345763 pp 599 9850
598 346764 ap 601 12193
599 347028 pp 601 7783
600 348472 ap 601 12193
601 350101 pp 613 85534
602 350308 pp 613 85534
603 350772 pp 613 85534
604 351474 pp 613 85534
605 352146 pp 613 85534
606 352353 pp 613 85534
607 353952 pp 613 85534
608 355188 pp 613 85534
609 356855 pp 613 85534
610 360580 pp 613 51250
611 361602 pp 619 87611
612 362412 pp 619 87611
613 363179 pp 619 87611
614 363828 pp 619 87611
615 365051 pp 619 87611
616 366379 ap 619 30397
617 367522 ap 619 30397
618 370267 pp 619 25666
619 370968 pp 619 25666
620 373658 pp 619 19406
621 374684 pp 631 94993
622 375241 pp 631 94993
623 376473 pp 631 94993
624 377832 pp 631 33337
625 379320 pp 631 94993
626 380251 pp 631 2801
627 380910 pp 631 2801
628 383028 pp 631 33337
629 384205 ap 631 64189
630 385208 ap 631 64189
631 385755 pp 631 86746
632 387978 pp 641 118353
633 389113 pp 643 22087
634 391029 pp 643 22087
635 391991 pp 641 54681
636 393087 pp 643 22087
637 393467 ap 641 79667
638 394928 pp 643 22087
639 395154 pp 643 22087
640 396703 pp 641 41833
641 397596 pp 641 41833
642 398326 ap 647 10177
643 400039 ap 647 10177
644 402119 ap 653 116581
645 403500 pp 647 126564
646 404117 ap 647 10177
647 405681 ap 653 116581
648 405967 ap 653 116581
649 406880 ap 653 116581
650 409748 pp 653 70223
651 410720 ap 653 116581
652 413222 pp 653 2661
653 413971 pp 653 21752
654 415512 pp 659 21026
655 417163 pp 661 13288
656 417836 ap 659 48319
657 419636 ap 659 48319
658 420701 pp 659 118424
659 421619 pp 661 23260
660 423040 pp 661 23260
661 425028 pp 661 16043
662 426699 pp 673 23774
663 427783 pp 673 47432
664 428469 pp 673 47432
665 429850 pp 673 23774
666 431144 pp 673 1316
667 432192 pp 673 47432
668 432873 pp 673 47432
669 433848 pp 673 47432
670 436212 pp 677 72280
671 436984 pp 673 46093
672 437416 pp 673 46093
673 439252 pp 677 64679
674 440345 pp 677 19761
675 442470 pp 677 59076
676 443000 pp 677 59076
677 444929 pp 677 31977
678 446148 pp 677 31977
679 447821 pp 683 86411
680 449677 pp 683 108319
681 450755 pp 683 36376
682 452640 pp 683 87782
683 453472 pp 683 36376
684 455670 pp 691 131705
685 456896 pp 691 127573
686 458155 ap 691 52313
687 459293 ap 691 52313
688 460798 ap 691 43229
689 461813 pp 691 51706
690 463216 pp 701 55300
691 463867 pp 701 55300
692 465176 pp 701 58690
693 466303 pp 701 58690
694 467554 pp 701 58690
695 468408 pp 701 58690
696 469659 pp 701 58690
697 470162 pp 701 58690
698 471413 pp 701 58690
699 475027 pp 701 58690
700 476502 pp 701 67765
701 478472 ap 701 21599
702 480171 pp 709 24907
703 481210 ap 709 23477
704 481700 ap 709 23477
705 482587 pp 709 73525
706 484541 pp 709 20921
707 486330 ap 709 22189
708 488486 pp 709 63673
709 489063 pp 709 63673
710 489995 pp 709 63673
711 491431 pp 719 42793
712 492581 pp 719 42793
713 494493 pp 719 42793
714 496502 pp 719 83711
715 497521 pp 719 83711
716 498828 ap 719 11471
717 499836 ap 719 11471
718 501011 ap 719 31129
719 503915 pp 719 1218
720 504514 pp 719 129100
721 506977 pp 729 149859
722 507929 pp 729 149859
723 509405 pp 733 6380
724 510094 pp 729 117022
725 510251 pp 729 117022
726 512308 ap 733 107305
727 514378 ap 733 107305
728 516454 pp 729 119972
729 517419 pp 739 26330
730 519121 ap 733 84791
731 519502 ap 733 84791
732 520017 ap 733 84791
733 522292 pp 733 65582
734 523799 pp 739 69779
735 525397 pp 743 46672
736 526351 pp 743 46672
737 529160 pp 739 37987
738 530912 pp 743 33844
739 532139 pp 743 25087
740 532970 pp 743 25087
741 534264 pp 743 25087
742 535590 pp 743 5471
743 538032 pp 743 5471
744 539751 ap 751 34241
745 541275 ap 751 34241
746 542985 ap 751 58991
747 544192 pp 751 74759
748 544997 pp 751 101081
749 546574 pp 751 134242
750 548028 pp 757 43009
751 548226 pp 757 43009
752 551242 pp 757 37970
753 552397 ap 757 1055
754 553847 ap 757 252475
755 555700 pp 757 48307
756 556582 ap 761 121513
757 557288 ap 761 121513
758 558211 pp 761 91645
759 559489 ap 761 121513
760 560721 ap 761 121513
761 564925 pp 761 31430
762 566573 ap 769 37019
763 566973 ap 769 37019
764 568685 ap 769 37019
765 570600 ap 769 37019
766 572561 pp 769 51065
767 573119 pp 773 31885
768 575068 pp 773 31885
769 576584 pp 773 31885
770 577430 ap 773 56159
771 579326 ap 773 56159
772 580057 pp 773 116334
773 583030 pp 773 116334
774 585191 pp 773 116334
775 585762 ap 787 279011
776 587516 ap 787 279011
777 588565 ap 787 279011
778 590714 ap 787 279011
779 591987 ap 787 279011
780 593715 ap 787 47387
781 594364 pp 787 108209
782 595810 pp 787 108209
783 597241 pp 787 108209
784 597619 pp 787 108209
785 599306 pp 787 108209
786 600047 pp 787 113081
787 604182 pp 787 42736
788 605692 pp 787 42736
789 608279 pp 797 2310
790 609100 pp 797 2310
791 609994 pp 797 2310
792 611254 ap 797 4621
793 613325 ap 797 4621
794 615545 pp 797 108996
795 616595 pp 797 46097
796 617971 ap 797 221213
797 619961 pp 797 20097
798 620762 ap 811 35591
799 623109 pp 809 39979
800 624527 pp 809 39979
801 626490 ap 811 35591
802 628047 pp 811 158582
803 629332 pp 809 105802
804 629996 pp 809 105802
805 631158 pp 811 153037
806 633689 pp 811 153037
807 634767 pp 811 153037
808 635222 pp 811 153037
809 635296 pp 811 153037
810 635992 pp 811 153037
811 638938 pp 811 153037
812 642048 pp 811 153037
813 645347 ap 821 153817
814 646739 pp 821 162984
815 647976 ap 823 136205
816 648575 ap 823 136205
817 651963 pp 821 79029
818 653060 ap 823 123199
819 654242 pp 827 36733
820 655371 pp 821 79029
821 657286 pp 821 79029
822 658418 pp 821 79029
823 659985 ap 829 27997
824 662446 pp 827 30252
825 664039 ap 829 27997
826 665700 pp 829 51605
827 667048 pp 829 51605
828 668565 ap 829 177043
829 670302 ap 829 177043
830 671118 pp 839 84157
831 671865 pp 839 84157
832 672021 pp 839 84157
833 672327 pp 839 84157
834 673726 pp 839 84157
835 676372 pp 839 84157
836 679775 ap 839 557
837 682564 pp 841 111697
838 683437 pp 841 111697
839 685498 pp 839 99572
840 688518 ap 853 106901
841 689673 ap 853 106901
842 690827 ap 853 106901
843 691900 ap 853 106901
844 693055 ap 853 106901
845 694209 ap 853 106901
846 695648 ap 853 106901
847 697756 ap 853 106901
848 700841 ap 853 106901
849 702980 pp 859 81448
850 703809 pp 859 81448
851 706470 pp 859 81448
852 707730 pp 859 81448
853 709676 pp 859 26017
854 711531 pp 859 26017
855 713262 pp 857 21673
856 715522 pp 859 17741
857 716510 pp 863 38394
858 718880 pp 857 23401
859 719449 pp 863 171397
860 720661 pp 863 171397
861 721904 pp 863 171397
862 723673 pp 863 171397
863 726348 pp 863 166192
864 730192 pp 863 146
865 732768 pp 877 107330
866 733169 pp 877 107330
867 734069 pp 877 10442
868 734802 pp 877 10442
869 737071 pp 877 107330
870 738090 pp 877 107330
871 740688 pp 877 107330
872 741962 pp 881 43821
873 744320 pp 881 43821
874 745774 pp 877 55831
875 747216 ap 877 231035
876 748856 pp 881 43821
877 751214 pp 881 43821
878 753484 pp 883 132236
879 754949 pp 883 198346
880 755516 pp 883 198346
881 755808 pp 883 198346
882 760233 pp 883 198346
883 761450 pp 887 139923
884 762659 pp 887 139923
885 765219 pp 887 46650
886 765817 pp 887 46650
887 767957 pp 887 46650
888 769798 pp 887 46650
889 778114 pp 907 4141
890 778576 pp 907 267262
891 780648 pp 907 267262
892 781183 pp 907 267262
893 781865 pp 907 267262
894 784140 pp 907 4141
895 785062 pp 907 4141
896 786960 pp 907 4141
897 787882 pp 907 4141
898 789105 pp 907 4141
899 789375 pp 907 4141
900 790297 pp 907 4141
901 793051 pp 911 49981
902 794291 pp 911 49981
903 795073 pp 911 49981
904 798347 pp 907 180088
905 799164 pp 907 180088
906 802625 pp 907 104101
907 804806 pp 911 102688
908 805671 pp 907 180088
909 808095 pp 911 106174
910 809735 pp 911 171781
911 811901 pp 911 214576
912 813820 pp 919 93052
913 815963 ap 919 106223
914 816497 ap 919 106223
915 817143 ap 919 106223
916 820247 pp 919 88978
917 821143 pp 919 88978
918 822611 pp 919 88978
919 824019 pp 919 88978
920 827817 pp 929 65656
921 829441 pp 929 65656
922 832101 pp 929 47180
923 833222 pp 929 47180
924 835267 pp 929 47180
925 836163 pp 929 205029
926 838460 pp 929 19832
927 840141 pp 929 19832
928 841095 pp 929 19832
929 844554 pp 941 126623
930 845477 pp 941 126623
931 845916 pp 941 126623
932 847264 pp 941 126623
933 850766 pp 941 126623
934 853604 ap 941 163283
935 855096 pp 937 103784
936 856268 ap 941 218759
937 858088 pp 941 126623
938 859436 pp 941 126623
939 861596 pp 953 41588
940 862563 ap 941 7807
941 863927 pp 953 41588
942 867023 pp 953 41588
943 868457 pp 953 41588
944 869354 pp 953 41588
945 873352 ap 947 73517
946 874112 ap 953 149173
947 874802 ap 953 149173
948 878953 ap 953 149173
949 882001 pp 953 79958
950 882993 pp 953 82522
951 884593 pp 953 82522
952 885052 pp 953 82522
953 889059 ap 961 118531
954 891572 pp 953 140888
955 894123 pp 967 142481
956 894808 pp 967 142481
957 896068 pp 967 142481
958 897649 pp 961 260081
959 900673 pp 967 77690
960 902474 pp 967 142481
961 903043 pp 967 142481
962 904303 pp 967 142481
963 907181 pp 967 148445
964 907877 pp 967 148445
965 908253 pp 967 148445
966 909896 pp 967 148445
967 914369 pp 967 148445
968 916965 pp 977 189330
969 918022 pp 977 189330
970 922197 pp 977 43734
970 922197 pp 983 39671
971 923022 pp 983 39671
972 924128 pp 977 4166
973 925457 pp 977 4166
974 927487 pp 977 241876
975 930551 pp 977 202002
976 931662 pp 983 79247
977 933180 pp 983 79247
978 936191 pp 977 142136
979 938468 pp 983 54813
980 939900 pp 991 46520
981 941792 pp 991 46520
982 943614 pp 991 81170
983 944569 pp 991 46520
984 945709 pp 991 46520
985 947601 pp 991 46520
986 951132 pp 991 29957
987 952545 pp 991 46520
988 953685 pp 991 46520
989 956195 pp 991 46520
990 958578 pp 997 93332
991 959975 pp 997 93332
992 961031 pp 997 93332
993 962318 pp 997 93332
994 962726 pp 997 93332
995 969843 pp 997 93332
996 972676 pp 997 110414
997 974635 ap 997 60515
998 976418 pp 1009 284204
999 978280 pp 1009 284204
